MCM15: 38027327.66455
MCM14: 38022389.22355
MCM13: 27935989.93349
MCM12: 21949955719.61072
MCM11: 1500909710919946.8
MCM25: 37995366.36877
MCM24: 38026387.36394
MCM23: 37860799.99009
MCM22: 11488437.79312
MCM21: 204465963539.8797
MCM35: 38027356.62200
MCM34: 38028016.59440
MCM33: 38131204.65426
MCM32: 74362559.61016
MCM31: 148282362805.93573
MCM45: 38027358.47519
MCM44: 38027404.65260
MCM43: 38029856.02953
MCM42: 38274132.91870
MCM41: 727299982.10949
MCM55: 38027348.62383
MCM54: 38027338.61839
MCM53: 38025841.71184
MCM52: 37895815.69938
MCM51: 213715199.38895
RK45: 38049585.70725
RK23: 64276324.55009
Radau: 37777490.15977

[[34371113.256, 33798530.880], [38023025.546, 38183709.696], [43529626.647, 38027198.766], [38027343.660, 38027322.270], [38027346.858, 38027341.335], [38027341.287, 38027359]] #<--may be outlier for some time steps,
[[169759404.591], [37890406.880, 37904235.508], [38026009.676, 38025938.579], [38027342.985, 38027340.865, 38027340.297], [38027349.404, 38027350.838], [38027350.947, 38027333.105]],
[[3826285534], [41792361.816, 38278856.394], [38042043.285, 38032134.117], [38027566.054, 38027378.456], [38027354.219, 38027356.002], [38027351.967, 30071365.962, 30257583.283, 38027351.886]], #<-- Outlier
[[264900665621], [67417546.594, 66263734.544], [38139374.243, 38124893.661], [38027784.346, 38027823.024], [38027433.646, 38027410.092], [38027346.285, 38027345.466, 38027347.491]],
[[259786040000], [9278962.095, 20175683.932], [37666128.879, 37926640], [38025627.781, 38026537.048], [38027308.241, 38027322.891, 38027303.957], [34512670.417, 36725869.019, 35874120.571, 35874120.571]],
[[331190000000000], [24539827261], [15075184.732, 27057706.905, 25385726.315], [38012150.885, 38019374.767, 38017105.343], [38027234.7, 38027316.277, 38027307.892], [38027348.992, 38027349.080, 38027349.024]]