MCM15: 38027327.66455
MCM14: 38022389.22355
MCM13: 27935989.93349
MCM12: 21949955719.61072
MCM11: 1500909710919946.8
MCM25: 37995366.36877
MCM24: 38026387.36394
MCM23: 37860799.99009
MCM22: 11488437.79312
MCM21: 204465963539.8797
MCM35: 38027356.62200
MCM34: 38028016.59440
MCM33: 38131204.65426
MCM32: 74362559.61016
MCM31: 148282362805.93573
MCM45: 38027358.47519
MCM44: 38027404.65260
MCM43: 38029856.02953
MCM42: 38274132.91870
MCM41: 727299982.10949
MCM55: 38027348.62383
MCM54: 38027338.61839
MCM53: 38025841.71184
MCM52: 37895815.69938
MCM51: 213715199.38895
RK45: 38049585.70725
RK23: 64276324.55009
Radau: 37777490.15977
